9507
25090
42183
90626
66576
11340
18490
58880
8726
43378
97643
99067
35725
81076
57258
12343
25354
13648
36662
99781
4058
84844
57277
73252
28896
43378
32746
73252
73695
76125
79157
376
18490
86732
46967
51784
38254
22720
95490
89170
24042
95635
56264
34275
89973
86156
13476
89170
39701
9063
7720
13648
24042
76125
43214
87351
20190
25359
54931
38254
24937
80674
78900
67819
78900
97643
51562
9567
86998
43309
89973
51256
5948
24309
11505
62994
20935
98269
66576
92314
7720
56264
52720
29034
96030
54931
34275
54148
90626
5415
18490
30265
11340
53327
27914
36050
57258
20190
35825
51775
15449
63276
24042
75063
48838
12472
96254
17664
75063
7720
70643
25359
23871
86731
45938
34020
86156
24309
88071
45317
40789
20935
30186
4058
8726
31122
54931
22720
35825
5808
43922
84844
97643
60802
39580
63276
40802
36202
30265
25354
44747
96030
79157
53985
8726
95490
36050
66351
94094
17852
93219
39580
44747
80674
54455
9567
12472
32746
15449
66576
43095
44747
35825
87351
46967
25359
88071
81076
42043
95656
45870
84569
53973
53985
99067
9063
84844
24042
89913
9524
61174
52720
39497
98987
91431
17852
42043
376
20935
67819
46967
98269
95635
70643
58780
3030
77935
47774
39701
37245
3345
40802
376
61268
15449
13366
27914
58880
5415
13476
30265
37328
86731
51562
37245
5670
63276
43095
73940
10160
15786
57258
13667
98987
4212
20190
17852
12353
40802
97643
92593
57258
38102
57277
24595
93219
17664
64644
86731
73695
54931
82146
36662
38102
66741
51784
40789
25359
57258
61249
58880
9063
32907
51256
47774
3756
68194
43378
86156
15786
94260
76125
38102
5808
20935
37245
12472
39701
25359
30186
4661
90626
71605
86156
45317
68194
8592
42043
61268
34020
8532
89913
31122
88071
84844
63276
43378
5948
87351
20935
45861
94094
4661
34020
43564
31122
35725
13648
75063
42043
36202
27429
69225
47774
10585
89170
57741
81076
83192
61174
43564
15449
4058
96254
38102
67819
70643
20935
7720
19337
5948
10585
89170
13013
44747
93219
42320
3055
95490
59298
73885
96030
60802
98269
94260
62525
38254
25354
36050
81085
38102
51256
40789
10160
37328
68925
97643
87193
87351
9507
53973
35825
25354
73940
37637
98269
37245
82146
73885
91302
15449
57998
91431
43095
42320
81085
17852
75063
98269
30186
43095
91302
78657
59298
7720
68925
2898
36202
71605
57277
47774
87193
25090
11340
95490
20935
90626
91302
34492
94260
80674
10585
66741
99781
24309
66576
37245
86732
5948
78243
8438
30265
27914
12919
38102
43214
94094
95656
27666
53327
10585
95656
74845
59298
8592
8438
25359
2898
91302
76142
9063
86732
71605
46967
68925
17852
93219
74845
86490
60802
55656
88581
9524
69225
59298
54455
44747
53327
42320
9063
47774
9507
40802
66351
54148
4058
99540
95635
376
59298
92257
66351
82146
53973
92593
13476
99540
16424
37637
8438
38102
51775
88581
28071
12472
45861
11340
18490
45870
86732
36050